9789869751742
9789573286400
9789573286264
9789869435130
9789869751773
9789573286035
9789577411938
9789864797998
9789573286271
9789869751759
9789573286554
9789863188469
9789573334651
9789579138178
9789864712274
9789573286288
9789862465554
9789573286042
9789573286417
9789573285731
9789573286516
9789573284123
9789573281948
9789864070916
9789864070978
9781624121081
9781138206335
9789575325145
9789811159312
9789573279525
9789864540594
9789864540341
9789571193779
9789863186342
9789864540532
9781292113869
9780955815799
9789573278832
9780415855297
9781507778791
9783791334882
9781292026152
9781846558245
9787208115743
9787100099660
9787219081686
9787515318813
9781118399712
9783522202107
9787504743367
9787219075333
9787536364196
9787536364172
9787512112438
9787219075425
9787100084215
9787536364202
9787536364141
9787536364189
9783642221934
9787219072646
9787219072967
9787219075302
9787219071632
9787513506748
9787219073728
9787536358430
9787536358409
9787536358416
9787219073582
9787219072981
9787219075937
9787536358423
9787536361133
9787219067451
9787549100859
9787219061619
9787219068878
9787219071519
9787219066164
9787219066768
9787219063934
9787219067291
9787219063590
9787219067741
9787543216297
9780199287932
9787300077734
9787806962459
9787561751190
9787563363759
9787802063495
9787807520566
0375407553
9787121050442
7561328958
7108025787
7219054246
7806658122
7208062579
7563361901
7500456093
7534373964
7561748272
7800806359
7301101643
7563358242
7532542769
7807282940
9787563363735
9781861564818
0865976376
7500451318
7101046231
7214002531
7309044843
7532619060
7301092458
7208051534
7508427157
7532738507
7806597840
7801904478
7301093322
7500453825
7530642138
7301092385
7532737616
1586035754
7801901959
7806783024
7300056962
7100036674
7806596569
7500446128
7030130316
7500442513
7810912224
7534356768
7309041011
7561737300
7208050007
7309042360
7506020491
7100040965
7561734174
7806594345
7561326122
7508600177
7100022649
7100037794
7502546324
7114048211
0321081897
0425195899
0671525751
7100027152
7806593292
7100034817
7100031370
7532532410
7108017431
7532728005
7100033829
7100034205
0789488825
0333922514
7040098903
7801093402
7810574345
7305037060
7543444283
7532072584
7561727925
7561727860
7563331654
0751313645
1556433735
7561908539
7560721699
7532526941
7010032556
7562216037
7227021599
7810751530
7101021794
7806433600
7111077237
7100030536
7208034958
7538258728
7540640367
7500427433
0967089700
1880410222
0060929731
7214025248
7100017483
7100026466
7561418795
7533825780
